- 92 ..
111 (1111)

, iDie· io· ies

⁰¹⁰⁸! 3113 mk pm

¹⁰⁸n''121·ib. Xtr. 11141.
1333

’1. Ι -ωζΙ-ιὶὶηι. mint.

,3 33 33 13
3 31133 11
13 33131 13
11 33 33 13

13 33 33 13
13 33 31 13
111 33 33 13

13 33, 4 20 ‚
13 311 3 31

11 331 3 33
Ῑδῑῑῖι 723 , 13 33 33 33

*13 3 3 3131131313 ¹⁶ 3¹ 3⁷ 21
ῃ , 11 33 2⁸. 33

13 1 13 33 2111 33

Ι’111 1 27 Ὀλύμπια *19 34 2 24 Καλλυντήροα

20 *20¹AE 3, 25 8311111113

21 21 xl ,4 26
22 33 3 3 31.4

23 23 3 6 28.
31131333 31 13 33 ,

33 11 115111 *33 3 3 33 1111113311

3313133 266931
31 131131 1 1²⁷ 1131 ,Q

33 1133 1 33 31111311 .
33131311 3 33 313 3
1 1 . 331313 3

 

