VIII (IX) IX (X)
Ἀνθεστηριών Ἐλαφηβολιών

-.—-—-

21V1111 11
28 2 12

3-3312 13 29 313

1111113 11 30 414
214 18 31 5 15
3I15 19 32 6 16

4¹16 20 33 717
3111 21 31 111
313 11 35
10 113 13
ΙΙΙ11 820 24 1113312111Ιέ *11
*11 311 131113 ο3111
*13 10 22 26 Χύςροι lg *13
14 1113 21 *14
13 1111 13 13
13 1313 13 13
11 1113 3ο 11
13 1311 31 13

111 1313 -3111Μυπήρω 13
11ο 11131111 20

*11 1333 11120ι 21
11 13 31 3 22
ΙἸ23 20 32 Medma 23
111 1133 3 11
13 1131 3 13
113 13 33 1 13
(11 11331 3 11
13 13 31 3 13

129 2638110 {g

 

